19.2000000000000
15.1000000000000
9
5.30000000000000
17.2000000000000
12
8.20000000000000
3
4.50000000000000
18.5000000000000
13.5000000000000
5.80000000000000
20.7000000000000
6.80000000000000
7.90000000000000
14.5000000000000
19.5000000000000
3.30000000000000
8.80000000000000
11.1000000000000
18.7000000000000
16.4000000000000
7.40000000000000
7.30000000000000
9.70000000000000
7.40000000000000
13.7000000000000
7.30000000000000
8.10000000000000
5.20000000000000
8.40000000000000
10.2000000000000
10.8000000000000
3.10000000000000
9.60000000000000
4.20000000000000
12.9000000000000
4.20000000000000
17.3000000000000
7.80000000000000
6
9.50000000000000
24.3000000000000
3.90000000000000
21.3000000000000
8.70000000000000
19.3000000000000
5.90000000000000
2.50000000000000
5.30000000000000
9.10000000000000
1.80000000000000
8.10000000000000
10.1000000000000
9.80000000000000
10
15.4000000000000
18.7000000000000
15.7000000000000
5.60000000000000
8.20000000000000
3.30000000000000
8.80000000000000
7.30000000000000
7.20000000000000
11.3000000000000
12.8000000000000
2.90000000000000
5.40000000000000
15.2000000000000
8
11.7000000000000
17.2000000000000
4
3.80000000000000
7.40000000000000
5.30000000000000
10.6000000000000
15.2000000000000
11.5000000000000
5.90000000000000
20.1000000000000
12.2000000000000
12
8.80000000000000